owid,Lower,Upper,Midpoint,Status,Heifer,Quarter
1,282,310,296,1,1,1
1,291,319,305,0,1,2
1,287,315,301,0,1,3
1,318,346,332,0,1,4
2,155,189,172,1,1,1
2,65,99,82,1,1,2
2,213,247,230,1,1,3
2,50,84,67,1,1,4
3,119,147,133,1,0,1
3,19,47,33,1,0,2
3,32,60,46,1,0,3
3,20,48,34,1,0,4
4,0,18,9,1,0,1
4,48,79,63.5,1,0,2
4,33,64,48.5,1,0,3
4,112,143,127.5,1,0,4
5,18,44,31,1,0,1
5,72,98,85,1,0,2
5,70,96,83,1,0,3
5,1,27,14,1,0,4
6,27,60,43.5,1,0,1
6,64,97,80.5,1,0,2
6,92,125,108.5,1,0,3
6,0,24,12,1,0,4
7,312,345,328.5,0,1,1
7,288,321,304.5,0,1,2
7,322,355,338.5,0,1,3
7,186,219,202.5,1,1,4
8,2,33,17.5,1,1,1
8,11,42,26.5,1,1,2
8,5,36,20.5,1,1,3
8,0,28,14,1,1,4
9,40,65,52.5,1,1,1
9,72,97,84.5,1,1,2
9,0,19,9.5,1,1,3
9,7,32,19.5,1,1,4
10,66,95,80.5,1,0,1
10,77,106,91.5,1,0,2
10,163,192,177.5,1,0,3
10,21,50,35.5,1,0,4
11,0,22,11,1,0,1
11,280,307,293.5,1,0,2
11,111,138,124.5,1,0,3
11,59,86,72.5,1,0,4
12,21,52,36.5,1,1,1
12,0,16,8,1,1,2
12,0,23,11.5,1,1,3
12,0,27,13.5,1,1,4
13,156,186,171,1,0,1
13,330,360,345,0,0,2
13,328,358,343,0,0,3
13,310,340,325,1,0,4
14,0,17,8.5,1,0,1
14,68,94,81,1,0,2
14,0,21,10.5,1,0,3
14,72,98,85,1,0,4
15,88,121,104.5,1,0,1
15,103,136,119.5,1,0,2
15,98,131,114.5,1,0,3
15,122,155,138.5,1,0,4
16,0,16,8,1,1,1
16,15,42,28.5,1,1,2
16,0,26,13,1,1,3
16,0,24,12,1,1,4
17,297,322,309.5,0,0,1
17,155,180,167.5,1,0,2
17,256,281,268.5,1,0,3
17,115,140,127.5,1,0,4
18,143,176,159.5,1,0,1
18,26,59,42.5,1,0,2
18,207,240,223.5,1,0,3
18,37,70,53.5,1,0,4
19,14,42,28,1,0,1
19,58,86,72,1,0,2
19,8,36,22,1,0,3
19,105,133,119,1,0,4
20,180,211,195.5,1,0,1
20,22,53,37.5,1,0,2
20,94,125,109.5,1,0,3
20,69,100,84.5,1,0,4
21,290,319,304.5,0,0,1
21,316,345,330.5,0,0,2
21,50,79,64.5,1,0,3
21,75,104,89.5,1,0,4
22,12,42,27,1,1,1
22,14,44,29,1,1,2
22,123,153,138,1,1,3
22,60,90,75,1,1,4
23,13,41,27,1,1,1
23,38,66,52,1,1,2
23,131,159,145,1,1,3
23,62,90,76,1,1,4
24,29,57,43,1,0,1
24,31,59,45,1,0,2
24,77,105,91,1,0,3
24,187,215,201,1,0,4
25,55,88,71.5,1,0,1
25,5,38,21.5,1,0,2
25,0,31,15.5,1,0,3
25,41,74,57.5,1,0,4
26,59,85,72,1,0,1
26,60,86,73,1,0,2
26,125,151,138,1,0,3
26,74,100,87,1,0,4
27,0,31,15.5,1,0,1
27,23,57,40,1,0,2
27,89,123,106,1,0,3
27,62,96,79,1,0,4
28,10,42,26,1,0,1
28,8,40,24,1,0,2
28,0,24,12,1,0,3
28,17,49,33,1,0,4
29,161,195,178,1,1,1
29,300,334,317,1,1,2
29,236,270,253,1,1,3
29,305,339,322,1,1,4
30,71,101,86,1,1,1
30,24,54,39,1,1,2
30,40,70,55,1,1,3
30,125,155,140,1,1,4
31,312,343,327.5,0,0,1
31,192,223,207.5,1,0,2
31,46,77,61.5,1,0,3
31,113,144,128.5,1,0,4
32,292,319,305.5,0,0,1
32,321,348,334.5,0,0,2
32,315,342,328.5,0,0,3
32,306,333,319.5,0,0,4
33,71,101,86,1,1,1
33,78,108,93,1,1,2
33,204,234,219,1,1,3
33,187,217,202,1,1,4
34,154,186,170,1,0,1
34,258,290,274,1,0,2
34,97,129,113,1,0,3
34,117,149,133,1,0,4
35,61,94,77.5,1,0,1
35,223,256,239.5,1,0,2
35,35,68,51.5,1,0,3
35,117,150,133.5,1,0,4
36,41,73,57,1,0,1
36,105,137,121,1,0,2
36,48,80,64,1,0,3
36,96,128,112,1,0,4
37,96,122,109,1,0,1
37,328,354,341,0,0,2
37,319,345,332,0,0,3
37,148,174,161,1,0,4
38,18,50,34,1,1,1
38,0,30,15,1,1,2
38,0,17,8.5,1,1,3
38,43,75,59,1,1,4
39,4,33,18.5,1,0,1
39,30,59,44.5,1,0,2
39,26,55,40.5,1,0,3
39,74,103,88.5,1,0,4
40,44,75,59.5,1,0,1
40,67,98,82.5,1,0,2
40,144,175,159.5,1,0,3
40,187,218,202.5,1,0,4
41,168,200,184,1,0,1
41,29,61,45,1,0,2
41,68,100,84,1,0,3
41,102,134,118,1,0,4
42,302,329,315.5,0,0,1
42,179,206,192.5,1,0,2
42,306,333,319.5,0,0,3
42,311,338,324.5,0,0,4
43,139,169,154,1,0,1
43,47,77,62,1,0,2
43,90,120,105,1,0,3
43,11,41,26,1,0,4
44,252,280,266,1,0,1
44,73,101,87,1,0,2
44,302,330,316,0,0,3
44,132,160,146,1,0,4
45,76,105,90.5,1,1,1
45,71,100,85.5,1,1,2
45,8,37,22.5,1,1,3
45,132,161,146.5,1,1,4
46,0,25,12.5,1,0,1
46,77,108,92.5,1,0,2
46,54,85,69.5,1,0,3
46,58,89,73.5,1,0,4
47,0,24,12,1,1,1
47,15,43,29,1,1,2
47,0,14,7,1,1,3
47,4,32,18,1,1,4
48,299,333,316,0,0,1
48,291,325,308,0,0,2
48,327,361,344,0,0,3
48,322,356,339,0,0,4
49,319,348,333.5,0,0,1
49,299,328,313.5,0,0,2
49,107,136,121.5,1,0,3
49,304,333,318.5,0,0,4
50,101,128,114.5,1,0,1
50,77,104,90.5,1,0,2
50,100,127,113.5,1,0,3
50,131,158,144.5,1,0,4
51,330,358,344,0,0,1
51,304,332,318,0,0,2
51,324,352,338,0,0,3
51,249,277,263,1,0,4
52,280,307,293.5,1,0,1
52,207,234,220.5,1,0,2
52,252,279,265.5,1,0,3
52,118,145,131.5,1,0,4
53,50,80,65,1,0,1
53,0,30,15,1,0,2
53,77,107,92,1,0,3
53,31,61,46,1,0,4
54,140,171,155.5,1,1,1
54,291,322,306.5,0,1,2
54,86,117,101.5,1,1,3
54,228,259,243.5,1,1,4
55,45,76,60.5,1,0,1
55,39,70,54.5,1,0,2
55,79,110,94.5,1,0,3
55,107,138,122.5,1,0,4
56,304,330,317,0,0,1
56,317,343,330,0,0,2
56,295,321,308,0,0,3
56,64,90,77,1,0,4
57,53,82,67.5,1,0,1
57,28,57,42.5,1,0,2
57,0,25,12.5,1,0,3
57,21,50,35.5,1,0,4
58,30,63,46.5,1,1,1
58,6,39,22.5,1,1,2
58,106,139,122.5,1,1,3
58,0,29,14.5,1,1,4
59,233,261,247,1,0,1
59,321,349,335,0,0,2
59,312,340,326,1,0,3
59,172,200,186,1,0,4
60,43,69,56,1,1,1
60,297,323,310,0,1,2
60,148,174,161,1,1,3
60,13,39,26,1,1,4
61,163,190,176.5,1,0,1
61,183,210,196.5,1,0,2
61,196,223,209.5,1,0,3
61,26,53,39.5,1,0,4
62,44,74,59,1,1,1
62,34,64,49,1,1,2
62,0,17,8.5,1,1,3
62,5,35,20,1,1,4
63,331,359,345,0,0,1
63,325,353,339,0,0,2
63,296,324,310,0,0,3
63,274,302,288,1,0,4
64,195,228,211.5,1,0,1
64,300,333,316.5,0,0,2
64,249,282,265.5,1,0,3
64,35,68,51.5,1,0,4
65,153,181,167,1,0,1
65,289,317,303,0,0,2
65,96,124,110,1,0,3
65,300,328,314,0,0,4
66,0,18,9,1,1,1
66,0,30,15,1,1,2
66,0,24,12,1,1,3
66,0,20,10,1,1,4
67,11,42,26.5,1,0,1
67,75,106,90.5,1,0,2
67,18,49,33.5,1,0,3
67,46,77,61.5,1,0,4
68,35,68,51.5,1,0,1
68,305,338,321.5,0,0,2
68,313,346,329.5,0,0,3
68,226,259,242.5,1,0,4
69,71,101,86,1,0,1
69,0,26,13,1,0,2
69,0,26,13,1,0,3
69,35,65,50,1,0,4
70,36,66,51,1,0,1
70,50,80,65,1,0,2
70,32,62,47,1,0,3
70,30,60,45,1,0,4
71,0,16,8,1,0,1
71,42,68,55,1,0,2
71,17,43,30,1,0,3
71,49,75,62,1,0,4
72,48,79,63.5,1,0,1
72,56,87,71.5,1,0,2
72,74,105,89.5,1,0,3
72,11,42,26.5,1,0,4
73,72,102,87,1,0,1
73,143,173,158,1,0,2
73,56,86,71,1,0,3
73,10,40,25,1,0,4
74,59,90,74.5,1,1,1
74,0,21,10.5,1,1,2
74,58,89,73.5,1,1,3
74,0,30,15,1,1,4
75,73,98,85.5,1,0,1
75,13,38,25.5,1,0,2
75,0,12,6,1,0,3
75,46,71,58.5,1,0,4
76,109,142,125.5,1,0,1
76,14,47,30.5,1,0,2
76,0,31,15.5,1,0,3
76,34,67,50.5,1,0,4
77,12,42,27,1,0,1
77,40,70,55,1,0,2
77,13,43,28,1,0,3
77,0,15,7.5,1,0,4
78,143,177,160,1,0,1
78,231,265,248,1,0,2
78,323,357,340,0,0,3
78,268,302,285,1,0,4
79,145,170,157.5,1,0,1
79,200,225,212.5,1,0,2
79,133,158,145.5,1,0,3
79,125,150,137.5,1,0,4
80,92,126,109,1,1,1
80,297,331,314,0,1,2
80,10,44,27,1,1,3
80,304,338,321,0,1,4
81,152,185,168.5,1,1,1
81,42,75,58.5,1,1,2
81,27,60,43.5,1,1,3
81,40,73,56.5,1,1,4
82,39,68,53.5,1,0,1
82,0,18,9,1,0,2
82,24,53,38.5,1,0,3
82,25,54,39.5,1,0,4
83,293,320,306.5,0,1,1
83,298,325,311.5,0,1,2
83,313,340,326.5,0,1,3
83,289,316,302.5,0,1,4
84,18,49,33.5,1,0,1
84,32,63,47.5,1,0,2
84,61,92,76.5,1,0,3
84,0,21,10.5,1,0,4
85,9,38,23.5,1,1,1
85,85,114,99.5,1,1,2
85,52,81,66.5,1,1,3
85,97,126,111.5,1,1,4
86,291,316,303.5,0,1,1
86,281,306,293.5,1,1,2
86,309,334,321.5,0,1,3
86,308,333,320.5,0,1,4
87,41,71,56,1,0,1
87,94,124,109,1,0,2
87,35,65,50,1,0,3
87,0,30,15,1,0,4
88,131,165,148,1,0,1
88,1,35,18,1,0,2
88,290,324,307,1,0,3
88,143,177,160,1,0,4
89,292,319,305.5,0,0,1
89,330,357,343.5,0,0,2
89,288,315,301.5,0,0,3
89,304,331,317.5,0,0,4
90,11,38,24.5,1,1,1
90,35,62,48.5,1,1,2
90,35,62,48.5,1,1,3
90,81,108,94.5,1,1,4
91,272,299,285.5,1,1,1
91,167,194,180.5,1,1,2
91,314,341,327.5,1,1,3
91,334,361,347.5,0,1,4
92,79,106,92.5,1,0,1
92,2,29,15.5,1,0,2
92,0,27,13.5,1,0,3
92,14,41,27.5,1,0,4
93,326,360,343,0,0,1
93,300,334,317,0,0,2
93,273,307,290,1,0,3
93,126,160,143,1,0,4
94,3,36,19.5,1,0,1
94,0,20,10,1,0,2
94,47,80,63.5,1,0,3
94,7,40,23.5,1,0,4
95,179,209,194,1,0,1
95,29,59,44,1,0,2
95,229,259,244,1,0,3
95,45,75,60,1,0,4
96,311,343,327,0,0,1
96,247,279,263,1,0,2
96,19,51,35,1,0,3
96,294,326,310,1,0,4
97,0,26,13,1,0,1
97,0,24,12,1,0,2
97,0,20,10,1,0,3
97,28,54,41,1,0,4
98,33,66,49.5,1,1,1
98,58,91,74.5,1,1,2
98,171,204,187.5,1,1,3
98,47,80,63.5,1,1,4
99,139,173,156,1,0,1
99,318,352,335,0,0,2
99,268,302,285,1,0,3
99,161,195,178,1,0,4
100,89,119,104,1,0,1
100,48,78,63,1,0,2
100,187,217,202,1,0,3
100,2,32,17,1,0,4
