1,0.04374
1,0.06134
1,0.05233
1,0.05492
1,0.06425
1,0.04701
1,0.01608
1,0.01567
1,0.02093
1,0.02838
1,0.02143
1,0.02752
1,0.01259
1,0.01642
1,0.01828
1,0.01503
1,0.02047
1,0.03327
1,0.05517
1,0.03995
1,0.0381
1,0.04137
1,0.04351
1,0.04192
1,0.01659
1,0.03767
1,0.01966
1,0.01919
1,0.01718
1,0.01791
0,0.01098
0,0.01015
0,0.01263
0,0.00954
0,0.00958
0,0.01194
1,0.02126
1,0.01851
1,0.01444
1,0.01663
1,0.01495
1,0.01463
0,0.01752
0,0.0176
0,0.01419
0,0.01494
0,0.01608
0,0.01152
0,0.01613
0,0.01681
0,0.02184
0,0.02033
0,0.02297
0,0.02498
1,0.02719
1,0.03209
1,0.03715
1,0.02293
1,0.02645
1,0.03225
0,0.01861
0,0.01906
0,0.01643
0,0.01644
0,0.01457
0,0.01745
1,0.03198
1,0.03111
1,0.05384
1,0.05428
1,0.03485
1,0.04978
1,0.01706
1,0.02448
1,0.02442
1,0.02215
1,0.03999
1,0.02199
1,0.03202
1,0.03121
1,0.04024
1,0.03156
1,0.02427
1,0.02223
1,0.04795
1,0.03852
1,0.03759
1,0.06511
1,0.06727
1,0.04313
1,0.0664
1,0.07959
1,0.0419
1,0.05925
1,0.03716
1,0.03272
1,0.03381
1,0.03886
1,0.04689
1,0.06734
1,0.09178
1,0.0617
1,0.09419
1,0.01131
1,0.0103
1,0.01346
1,0.01064
1,0.0145
1,0.01024
1,0.03044
1,0.02286
1,0.01761
1,0.02378
1,0.0168
1,0.02105
1,0.01843
1,0.01458
1,0.01725
1,0.01279
1,0.01299
1,0.02008
1,0.01169
1,0.04479
1,0.02503
1,0.02343
1,0.02362
1,0.02791
1,0.02857
1,0.01033
1,0.01022
1,0.01412
1,0.01516
1,0.01201
1,0.01043
1,0.04932
1,0.04128
1,0.04879
1,0.05279
1,0.05643
1,0.03026
1,0.03273
1,0.06725
1,0.03527
1,0.01997
1,0.02662
1,0.02536
1,0.08143
1,0.0605
1,0.07118
1,0.0717
1,0.0583
1,0.11908
1,0.08684
1,0.02534
1,0.02682
1,0.03087
1,0.02293
1,0.04912
1,0.02852
1,0.03235
1,0.04009
1,0.03273
1,0.03658
1,0.01756
1,0.02814
0,0.02448
0,0.01242
0,0.0203
0,0.02177
0,0.02018
0,0.01897
0,0.01358
0,0.01484
0,0.01472
0,0.01657
0,0.01503
0,0.01725
1,0.01469
1,0.01574
1,0.0145
1,0.02551
1,0.01831
1,0.02145
0,0.01909
0,0.01795
0,0.01564
0,0.0166
0,0.013
0,0.01185
0,0.02574
0,0.04087
0,0.02751
0,0.02308
0,0.02296
0,0.01884
